slotID,board,start_offset,x_scale 
0,C-51 #1,0,1.037000 
1,D-6 #1,0,1.006000 
2,A-3 #1,0,0.999000 
3,B-49 #1,0,1.017000 
4,C-17 #1,0,1.016000 
5,E-29 #1,0,1.031000 
6,B-48 #2,-32,0.990000 
7,D-47 #1,0,0.954000 
8,D-63 #1,0,0.989000 
9,B-21 #1,0,1.023000 
10 
11,B-24 #1,0,1.021000 
12,D-11 #1,0,1.025000 
13 
14 
15,A-37 #1,0,1.021000 
16,F-49 #1,0,0.900000 
17 
18,D-14 #1,0,1.042000 
19,A-49 #1,0,1.003000 
20,E-5 #1,0,0.950000 
21,A-12 #2,0,1.010000 
22,B-36 #1,0,1.064000 
23,A-43 #1,0,0.974000 
24,C-40 #1,0,0.997000 
25 
26,B-42 #2,60,1.057000 
27,A-46 #1,0,1.008000 
28,B-63 #1,0,1.024000 
29,A-15 #2,-13,0.980000 
30 
31,A-51 #1,0,1.004000 
32,C-44 #1,0,1.062000 
33 
34,B-13 #2,8,0.988000 
35,B-17 #1,0,1.021000 
36,D-25 #1,0,0.982000 
37,A-14 #2,-5,0.972000 
38,D-10 #1,0,1.035000 
39,B-30 #1,0,1.030000 
40,B-62 #1,0,1.025000 
41 
42,B-34 #1,0,1.000000 
43,B-27 #1,0,1.049000 
44,C-43 #1,0,1.015000 
45 
46,B-4 #1,0,0.965000 
47,F-28 #1,0,0.992000 
48,H-16-t #1,0,0.975000 
49,A-30 #1,0,0.996000 
50 
51,B-26 #1,0,1.046000 
52,D-3 #1,0,0.623000 
53,A-23 #2,0,1.040000 
54 
55,A-38 #1,0,1.010000 
56,C-28 #1,0,1.030000 
57,A-28 #1,0,1.015000 
58 
59,A-6 #1,0,1.055000 
60,E-19 #1,0,1.055000 
61,A-29 #1,0,1.015000 
62,B-45 #1,0,1.010000 
63,A-2 #1,0,0.995000 
64,C-38 #1,0,1.044000 
65,A-13 #1,0,1.000000 
66,B-37 #2,40,1.100000 
67,A-35 #1,0,0.985000 
68,C-62 #1,0,0.913000 
69,A-21 #2,0,1.000000 
70,D-54 #1,0,0.960000 
71,A-9 #1,0,0.972000 
72,C-20 #1,0,1.048000 
73,A-10 #2,-26,0.987000 
74 
75,A-4 #1,0,0.996000 
76,D-13 #1,0,1.020000 
77 
78 
79,B-12 #1,0,1.022000 
80,C-35 #1,0,1.048000 
81,A-17 #1,0,0.985000 
82,B-41 #2,35,1.005000 
83,A-34 #1,0,0.994000 
84,A-26 #1,0,1.000000 
85 
86 
87,B-15 #1,0,1.000000 
88,F-31 #1,0,0.975000 
89,A-11 #1,0,0.993000 
90,B-58 #1,0,1.010000 
91,A-44 #1,0,0.969000 
92,C-7 #1,0,1.004000 
93,A-16 #2,-32,0.978000 
94 
95,B-3 #1,0,0.970000 
96,C-9 #1,0,1.029000 
97,A-22 #1,0,0.980000 
98 
99,A-58 #1,0,0.996000 
100,C-53 #1,0,1.038000 
101 
102,B-16 #1,0,1.040000 
103,B-1 #1,0,0.977000 
104,B-64 #1,0,1.026000 
105,A-27 #1,0,1.043000 
106 
107,A-42 #1,0,0.996000 
108,C-31 #1,0,1.050000 
109 
110,A-18 #2,20,1.000000 
111,A-57 #1,0,0.950000 
112,C-10 #1,0,1.035000 
113 
114,B-55 #1,0,1.038000 
115,C-48 #1,0,1.028000 
116,B-8 #1,0,0.985000 
117 
118,C-46 #1,0,1.035000 
119,C-15 #1,0,1.040000 
120,B-10 #1,0,0.964000 
121,B-35 #2,0,1.000000 
122,C-12 #1,0,1.024000 
123,E-14 #1,0,1.024000 
124 
125 
126 
127 
128 
129 
130 
131 
132 
133 
134 
135,B-57 #2,0,1.043000 
136 
137 
138 
139 
140 
141 
142 
143 
144 
145 
146 
147 
148 
149 
150 
151 
152 
153 
154 
155 
156 
157 
158 
159 
160 
161 
162 
163 
164 
165 
166 
167 
168 
169 
170 
171 
172,C-5 #1,0,0.984000 
173 
174 
175 
176 
177,B-47 #2,6,1.013000 
178 
179 
180 
181 
182 
183 
184,B-43 #2,10,1.015000 
185 
186,D-44 #1,0,1.000000 
187 
188 
189 
190 
191 
192 
193 
194 
195 
196 
197 
198,B-40 #2,78,1.090000 
199 
200 
201 
202 
203 
204 
205 
206 
207 
208 
209 
210 
211 
212 
213 
214 
215 
216 
217 
218 
219 
220 
221 
222 
223 
224 
225 
226,A-19 #1,0,0.981000 
227 
228 
229 
230 
231 
232 
233 
234 
235 
236,A-24 #1,0,0.986000 
237 
238 
239 
240 
241 
242 
243 
244 
245 
246 
247 
248 
249 
250 
251 
252 
253 
254 
255 
256 
257 
258 
259 
260 
261 
262 
263 
264 
265 
266 
267 
268 
269 
270 
271 
272 
273 
274 
275 
276 
277 
278 
279 
280 
281 
282 
283 
284 
285,B-60 #1,0,0.952000 
286 
287 
288 
289 
290 
291 
292,B-32 #1,0,1.077000 
293 
294 
295 
296 
297 
298 
299 
300 
301 
302 
303 
304 
305 
306 
307 
308 
309 
